N=5
A=
1 0.5 0.333333 0.25 0.2 
0.5 0.333333 0.25 0.2 0.166667 
0.333333 0.25 0.2 0.166667 0.142857 
0.25 0.2 0.166667 0.142857 0.125 
0.2 0.166667 0.142857 0.125 0.111111 
QT=
0.826584 0.413292 0.275528 0.206646 0.165317 
-0.533355 0.374054 0.462946 0.443319 0.405914 
0.175305 -0.717262 -0.0576647 0.352626 0.571955 
-0.0391021 0.403345 -0.678965 -0.206154 0.576447 
0.00550474 -0.110095 0.495426 -0.770663 0.385331 
R=
1.2098 0.68882 0.492014 0.385411 0.317759 
2.26208e-15 0.13006 0.140192 0.1327 0.122323 
-1.60844e-14 -9.21485e-15 0.00806538 0.0126325 0.0149083 
4.36595e-14 3.78864e-14 3.1794e-14 0.000338122 0.000689315 
-2.1249e-12 -1.74796e-12 -1.4421e-12 -1.2227e-12 8.73767e-06 
b =:
0 
1 
2 
3 
4 
c =:
2.24555 
4.25356 
2.51311 
0.732744 
0.110095 
x solutions =:
120 
-2760 
13860 
-23520 
12600 
I1=
1 1.92901e-15 -1.32949e-14 3.60822e-14 -1.75641e-12 
1.92901e-15 1 -4.71845e-16 1.00031e-13 -4.13722e-12 
-1.32949e-14 -4.71845e-16 1 2.77556e-16 2.57655e-13 
3.60822e-14 1.00031e-13 2.77556e-16 1 -1.97065e-15 
-1.75641e-12 -4.13722e-12 2.57655e-13 -1.97065e-15 1 
I2=
1 -1.0626e-13 3.97207e-13 -6.29149e-13 2.7676e-13 
-1.0626e-13 1 -9.61738e-13 2.13773e-12 -6.98948e-13 
3.97207e-13 -9.61738e-13 1 7.68441e-13 -1.8342e-12 
-6.29149e-13 2.13773e-12 7.68441e-13 1 6.11733e-13 
2.7676e-13 -6.98948e-13 -1.8342e-12 6.11733e-13 1 
